# moved during exposure
641444

# bright sky
641855
641856
641857
641416
641417
641418
641419
641420
640845
640846
640847
640848
643929
643930
643931
641857
641856
644319
644318


# bad seeing, only 7 of these are marked as done in tilefile.
566933
528228
567614
567282
566871
567230
567378
567283
566928
526946
567231
567287
567254
568169
527038
647563

# system in safe mode
726581

# chicken sound
812926

# bad seeing, >1.8".
# only 57 of these are in tile file.
527101
528821
528822
528844
528850
528855
528860
528861
528862
528874
528875
528879
528884
528898
566785
566788
566829
566872
566876
567289
567291
567295
568158
568164
568165
568176
568181
611570
611575
611951
643914
644450
645971
645983
726740
726842
744098
744148
744157
744158
744159
744161
744163
744165
744172
744176
744180
744181
744183
744184
744185
744187
744189
744185
744187
744189
744190
744193
744196
744198
744200
744265
744270
744271
744282
744283
744284
744285
744287
744289
744290
744291
744301
744302
744304
744307
744308
744309
744310
744312
744314
744333
744337
744342
744345
744347
744348
744352
744354
744355
744356
744368
744505
744507
744508
744509
744511
744513
744522
744526
744532
744533
744541
744555
744556
744565
744569
744576
744581
744650
747827
747848
748225
749389
749393
761422
761423
761424
761429
761435
761449
761456
761457
761461
761464
761472
761473
761474
761475
761480
761483
761484
761488
761495
761497
761498
761499
761505
761507
761509
761511
761512
762057
762065
762071
762128
762131
762144
762147
762151
762152
762154
762155
762159
762160
762163
762164
762168
762184
762211
762215
762217
762219
762228
762229
762232
762233
762234
810382
811041
811043
811133
811162
811165
811166
811196
811816
811818
811819
811820
811821
811845
811849
811855
811856
811857
811859
811860
811861
811862
813307
818137
818138
818139
